$ANSIBLE_VAULT;1.1;AES256
38383131663765653035363937323432643837336665366661626261656334386361333630636139
3662383531623731663434303262313134336336626637650a626237666530306233653331363632
30323939363061373561346333336666666536653436636337623638353736386639623330643534
6163343161636638350a633265613137646365666666303166303939383230663039623937646433
33303733393666336339633132336364636366643463343730623937356663326437393361653530
61333639356564623738383565653134313031313266323765383935373836626262353434386139
38383237646563313833326339346262306162626361353466336339326338653131366236323765
38343061366532396239336337656264353330383135343937306434626363616139636234663035
36613831646661376336653165663733636366396436653636373533373962343562326131653032
30346133373230653631396235343962386637343233303234396337396338306338323430346635
32313439323538613864326663656236643638633536373762326463646331323734363665356133
34623164333463636462616431656334643233336234616135366436636431623266633231383434
33313733623565376162623532363538643264393837356133386330323230316133306262373465
64323533376564353762363339326239643234386339373938646561653638303839333063316237
38333737313633346164363961303765303038653330656161613562383938326336616336666137
37326632626365366138616238636430383463333763343233666364316633353766313631353564
36666662366139323737363835356337353434383135633633383162393565383032616534336530
34326132366539303232646564303362363739663230613262303762383034353332303563356661
30623036383661383861653964383738383233663633643964633239346134623964633739643334
30366439316166623561303034323236316332343637383236313362643431666162623364666136
37323833643537323531646632633266336463633932333533326438326263326534313763386662
36393539396137616537373764663235383765646530326162393966636236306361363763656534
32366164636363643237633364363762353964306435386164636461306436663964323237393035
35323235613133323638626539323664633139646163613339303633616532383437383731323334
64613235316136396132323635313634653862373934306137383738663037313339663165623139
39396639333135303965323764323663326233616135633766613830383839663337323633363532
31623838326435626431646539376661373831633234623936643736356439313739356335353134
32633337646138316536343037306537643562383031656535616631313632323566396461663130
33626365663832303233323531613965626239663261663664383162383461356637346137616237
62323261653531366139313064306566333363346361643862333561613664373239383135306662
30343166376133623638343162313961376231343137326539353834313033336461343464633165
32643335393939613561653265336238643564383064386534363866616334663636613664373033
36643834356331353938656530376464346366383638343866373739366366633035373131373838
33373063343531383031363531383563663637343933613565643238313036376234373061326338
33626334613261393533356539643563346437373234363766316435616163663236346136373662
31316631636333373834313137346131343239376239326531633037346534666232636430373730
64396437396138363966323566613962376466613931643634336238643864376465313938363565
34336239346232623764353432326566326537363035343661303761326663366137383462393031
66666165613736623962313864613431626332653762376364356666316235323533363434336632
35616666363164363234306361313965383737366536306139336438623562663966393462616361
62616539306239393339383330363637333635353962383666653961383666323936323634663638
66633862343637333466396238623366353636373464633538316337303364353535383461303035
35616435656239626166383966663437306437393238613838383830663930303539616261386362
37356532343830353131613234353734656464643430333034383961353133323830323033636663
3936
