$ANSIBLE_VAULT;1.1;AES256
37393235393533626161353934316566313738316437623033376139613563343038623436626634
3730346565613238616639613038626666366365363739380a646465373533366235303936393030
36653233613832383537653965623337336362396531613838623937653835626165346366666161
6331396361373564350a333835656363356638323465303935643464353461376433656164646334
66343765636463633133303363616661326134346665666465373533373163343161633362393930
62666661356563363335343333653039363861356533663562666632386161353539663163373164
64643530626434336339613638663636663032346462356566303465623838616532316665323234
33633038393066616262316461323233333965666430343031356535393962666532396663323562
31316366343763356631386232646231653138316437316636343837316137363531326264376238
30333861356131633434386663373366396531616136326332366133333966366633376536633937
64343962363761646637386564316634303063623136623037636264306237636135626239333533
34636561623762313032336330333733616539393765316337656665316264613631323733623230
36363061386633363866663132346635313135313333666239666265306366646639623432666538
65643838653963616438326638393665646263363536343463346165363738633030653039383031
37626437323962313365343863666264323738653837346231336136633837353732613131663763
66376361653963396163373732643537366438356532656533396539363464653937646263343064
61316332653461323836666431353932623765383166616533393231356666383837383831303131
65386134626239663939613835393561323461366332653934313534313333303630643863663565
30353735306530386364633535616665656662393062386336643363646266323239313136373937
61613139383264623230656137616462303764616632376163326166613734386438356635303833
65643032653835383639346336343932326366326365336161653662333831326136623433656437
32653738323966336362313334383766393061386138343830373562333936306330633932363663
35363963336337333438626261643930333334633438656434333163613464613765323362363330
30303438303061306230626332353033353438343330636435663039393262323133643532383864
30336164663336653439393266666164316562383339306136323763313463333531613434636165
65646666386561623033633735613335653366373765313663653163646132663639623564613338
36663636393465326430353663303636646662373364623439346439393631343730616632393165
34383661326134303064313630623163336263633039366334373633336561643265666437666636
31623362336239613763316537656361353132376666383963326239383737323362353132373338
35366564386265653430386530353463666230363530323136316461363732393531336665346233
64323961333261353032383938666162373736313764343632376634396232313137333461386437
61373638366430326566393862613237373439373436633330303264616233653138373865313537
39383861646230613235306236626638353663373231333835396662623939383733636165373661
30623665313036623537333063353863373065653735666131643530333965653464363933336139
65336438616561373363333566336533666564656535656630633234366664656533343733393435
66656464373739323533316666316431306235376332303832303962353666306231343462663739
31656539323439323033336434666636336161633230336437613734373535323765633536393932
36386166316264626462323932626536626330303061363065386237613336626131643365313037
63656139323430663335393038306437313366623030303439663865313633666236623336373163
33376661366233663932303533646664626433396464363162386661636336323534323064323334
36626165333431353531353232626464643863356236303234363131643365393831333763376262
65373931373232373638643836316337323836396535636666353562343963386563373834363635
35643938643832663663393636336161633231356438623231326263356565353564663833333130
62303363376336356333363736643932366637653131393933623766366136643835323539643439
3366
