$ANSIBLE_VAULT;1.1;AES256
38376465313663323730303632346437613863626366363536636164303732343532616530303532
6234343363616365346133306465656438316537656134640a663865646537613533623566363865
37646630363662663535353730353262376531386231623738383830646233396634653466353835
6532363434366239340a643534633833313138666338343663383130633330633065633738653463
37653866363036633031653935306331313464323639633365323661646534653234643661656461
62366537343739346230356535333465323236623533346264303637646232393832323835343735
33343938326630626562663332353863326264666438376266616630616130373932666635366564
31383365396337383663326266373433616635303038303163383638623333333736323066636262
34626530613365653538393764646239393736363437346264613936376661383732643466303032
63393162383035663163646366613734333262383030323832306162393633373339663263346366
30366664636237356534333834666666326366623434623334623631376337616631313738366339
64663938353934363539383936336237613135393736323932613439626638356564353237636536
30643465303132643165616230666433303238636661636431303039363562313966613131666638
61613266383062323163633432346663356635643432306234376361636462373366326531356465
35323033313435336433356339373431343964653966356330303731383464656437353433373132
39633339663337343737623032653638326261326135353238623036386561653838643064656234
39656661643564353238666335313639396439373361366436383561356535376432376637333734
66373639633032666163623062343230306264306134646561333565376362613339626463323635
62633139636665343136336531633936363765626562326637346333636339333065306432616437
36656431376166373038663864363139373131626262626165323361333331343237643139373334
37323638393262343138636133313738653834346364363430636335393062303638663762333536
30376533306332313938393631623066306562643164636465663531643838346336306366313964
39353563616537646263636535396632616163653032623034313032653638323436663331386139
35383563336538303231363232373133613165306432363461613932303130376631663733616530
65383930356539316634383866633030356337626235306535383234623032356466353261373765
38313738393137646439393838353366383036373832346534363838303335363761653631356131
30663565383238313735336162653562373761613662623132396234666461633731636633306139
31646562653639626335666334373936303461633335343331393662363434323330646332356539
33396133643530633865616563316132643462643963333237393830343930373937636364656433
36646139626564653664303132306364393465373763643963653262323935643565326637616266
65623631646138396330383336623633363637316662316535633532386265386437663836323232
33613437623132393736343034323564363364656364386436303566623336626366336363646236
62386639333461626266383635363362383163323233393562663736656164396364616339613664
61626638313161316161363138326264326132326630613036666165343037623837656433306230
65356333356437393234373532663237623137663138326537353731393034346235376231306339
35323362366634366164383833623665663934643336383432636263346536306339336562363430
64356361343761643362623434333232366263306638646638643639373136383835316362313830
63383932643063366431643661643765316238346462316337323238616635346639636638306365
64616163373131393963316436633730643831663066323137323266373936316434666566643838
35653638303238353139643933336637303463373638343137323132313163663533636264646363
61626537303434396339313931396630323764363262656634643537636631306231333436666337
39666136613034666638613164323431636565626339623665663138353933663434663265303431
38383065306535313764656362373732303534623631386364616561623237396662373338373466
64323132386239653735663034313931613237653835376538663437653836366437616233323631
6131
